0
1
2
3
4
5
6
7
8
9
10
11
12
13
14
15
16
17
18
19
20
21
22
23
24
25
27
26
28
29
30
31
32
33
34
35
36
37
38
39
41
40
42
43
44
45
46
47
48
49
51
50
53
52
55
54
56
57
58
59
61
60
62
63
64
65
66
67
68
69
70
71
73
72
74
75
76
77
78
79
80
81
82
83
84
85
86
87
88
89
90
91
93
92
94
95
96
97
98
99
100
101
102
103
104
105
106
107
108
109
110
111
112
113
115
114
116
117
118
119
120
121
123
122
124
125
126
127
128
129
130
131
132
133
134
135
137
136
138
139
140
141
142
143
145
144
146
147
148
149
150
151
152
153
154
155
156
157
159
158
160
161
162
163
164
165
166
167
168
169
170
171
172
173
174
175
176
177
178
179
180
181
182
183
184
185
186
187
188
189
190
191
192
193
194
195
196
197
198
199
200
201
202
203
204
205
206
207
208
209
210
211
213
212
214
215
216
217
218
219
220
221
222
223
224
225
226
227
228
229
230
231
232
233
234
235
236
237
238
239
240
241
242
243
244
245
246
247
249
248
250
251
252
253
254
255
256
257
258
259
260
261
262
263
264
265
266
267
268
269
270
271
272
273
274
275
276
277
278
279
280
281
282
283
284
285
287
286
288
289
290
291
292
293
294
295
296
297
298
299
300
301
302
303
304
305
306
307
308
309
310
311
312
313
314
315
316
317
318
319
320
321
322
323
324
325
326
327
328
329
330
331
332
333
334
335
336
337
338
339
340
341
342
343
344
345
346
347
348
349
350
351
352
353
354
355
356
357
358
359
360
361
362
363
364
365
366
367
368
369
370
371
372
373
374
375
376
377
378
379
380
381
382
383
384
385
387
386
388
389
390
391
392
393
394
395
396
397
398
399
400
401
402
403
404
405
406
407
408
409
410
411
412
413
415
414
416
417
419
418
420
421
422
423
424
425
426
427
428
429
430
431
433
432
434
435
436
437
438
439
440
441
442
443
444
445
447
446
448
449
450
451
453
452
454
455
457
456
459
458
460
461
462
463
464
465
467
466
468
469
470
471
472
473
475
474
476
477
478
479
481
480
482
483
484
485
486
487
488
489
490
491
492
493
494
495
496
497
498
499
500
501
502
503
504
505
506
507
508
509
510
511
513
512
514
515
516
517
518
519
520
521
522
523
524
525
526
527
529
528
530
531
532
533
534
535
536
537
538
539
540
541
542
543
544
545
546
547
548
549
550
551
552
553
554
555
556
557
558
559
560
561
562
563
564
565
566
567
568
569
570
571
572
573
574
575
576
577
578
579
580
581
582
583
584
585
586
587
588
589
590
591
592
593
594
595
596
597
598
599
600
601
603
602
605
604
606
607
608
609
610
611
612
613
614
615
616
617
618
619
620
621
622
623
625
624
626
627
628
629
630
631
632
633
634
635
636
637
638
639
640
641
643
642
645
644
646
647
648
649
650
651
652
653
654
655
656
657
658
659
660
661
662
663
664
665
666
667
668
669
670
671
673
672
674
675
676
677
678
679
680
681
11
18
21
2
19
42
45
25
12
16
26
33
15
17
37
5
13
49
3
8
29
44
4
6
50
36
32
1
46
48
41
27
10
47
24
53
30
35
7
54
40
31
34
14
63
20
9
23
67
0
38
71
68
51
28
43
58
60
75
61
55
39
56
65
66
69
84
22
73
78
62
52
70
80
89
90
79
83
64
86
72
85
91
74
59
107
81
76
77
88
87
92
109
105
104
93
57
114
117
102
118
120
96
115
97
94
123
100
124
103
125
98
128
129
110
116
106
108
111
95
82
131
132
127
133
134
121
122
119
99
136
138
139
141
143
112
135
148
149
126
154
150
153
155
152
156
157
130
144
113
137
140
101
158
161
142
163
145
160
147
146
151
159
167
169
183
166
168
162
191
174
165
164
170
187
188
201
173
172
171
175
181
179
177
176
178
180
189
203
184
185
186
205
207
196
208
209
192
193
190
195
194
211
212
182
197
198
199
213
202
214
215
216
220
200
217
221
224
225
222
229
231
227
219
204
206
210
218
226
238
223
240
237
239
244
252
250
249
247
233
243
242
230
228
232
253
236
235
234
255
257
248
251
241
246
245
267
266
268
269
254
262
263
256
258
259
261
260
265
264
270
271
272
273
292
275
283
279
278
284
288
285
281
297
280
282
274
276
277
295
286
289
290
293
296
298
299
300
294
320
303
287
302
301
318
291
305
304
329
307
308
306
313
309
310
311
312
315
321
319
316
314
317
333
339
324
322
323
347
348
325
327
326
328
330
331
332
334
337
335
338
336
355
340
358
354
361
341
363
349
364
365
367
366
370
371
372
369
373
344
343
346
345
375
377
342
350
351
352
353
380
381
383
362
368
357
385
386
387
376
388
360
359
390
393
374
394
395
402
356
407
389
396
379
378
416
404
406
382
417
384
392
419
391
424
426
427
429
410
412
434
420
400
398
399
403
401
397
405
408
409
435
413
411
414
441
442
443
415
440
444
418
421
423
447
448
446
449
422
433
439
451
438
428
425
431
430
453
432
454
445
436
458
437
452
459
461
464
465
466
463
469
470
468
457
471
450
473
474
475
477
478
480
467
482
460
456
455
490
476
472
485
484
462
488
500
505
483
487
481
479
486
489
515
493
499
506
512
494
491
492
495
496
497
517
498
501
503
511
502
507
508
510
513
531
516
520
519
534
514
524
518
522
504
521
523
509
528
525
527
529
536
551
552
553
530
532
533
535
543
538
539
550
547
526
537
541
540
542
545
544
546
548
549
555
554
567
560
557
558
559
556
562
563
569
578
561
566
565
568
570
573
571
572
574
575
577
576
583
582
584
580
599
590
564
581
579
585
586
587
588
589
595
591
593
594
597
596
600
598
615
619
602
603
592
601
604
605
618
606
607
610
608
616
613
612
614
611
617
632
629
609
620
621
622
644
640
623
627
625
624
626
628
630
635
633
637
639
636
638
634
631
655
657
651
654
642
641
643
663
665
666
656
646
645
648
647
650
649
652
653
673
676
684
686
687
685
689
688
690
691
679
659
661
658
694
660
668
669
664
667
698
699
662
670
703
675
704
702
705
706
707
708
672
671
674
677
678
680
681
709
710
700
697
682
693
683
692
701
695
712
696
713
719
718
717
711
716
732
731
715
714
720
740
754
747
744
721
723
724
725
743
730
728
758
726
727
733
735
729
737
734
739
736
738
741
742
762
763
760
761
765
759
764
746
745
722
749
748
751
750
753
752
755
757
756
767
768
770
773
766
775
774
771
784
794
782
795
796
769
781
772
777
811
812
787
801
779
778
780
783
776
786
800
802
790
788
789
797
798
803
791
785
799
792
793
820
804
805
808
807
809
810
806
816
813
822
821
818
814
815
823
825
827
828
830
831
817
835
839
840
846
842
843
848
841
851
854
855
819
857
858
861
862
863
859
856
838
834
824
836
826
833
864
877
837
865
832
829
867
868
869
872
874
871
873
866
879
853
875
847
849
850
852
860
844
876
870
845
878
888
887
889
890
892
881
884
886
893
894
895
906
901
902
900
905
904
909
915
897
885
882
880
911
883
907
891
917
903
925
899
922
923
927
918
924
919
926
928
896
898
930
931
932
933
908
934
935
938
937
921
916
910
940
914
936
920
913
912
946
944
945
948
949
954
951
929
955
959
958
941
939
962
961
963
966
952
965
967
956
968
950
943
947
942
953
964
971
974
960
957
969
970
972
973
975
976
977
979
981
980
987
989
990
978
982
983
985
984
993
988
991
992
994
997
995
986
996
998
999
34
2
4
12
30
27
19
46
35
0
17
24
10
21
33
20
6
38
31
1
49
9
40
32
13
23
51
16
42
57
41
18
58
15
3
37
63
47
54
48
14
25
26
11
39
43
55
50
44
56
28
52
36
29
59
60
8
64
45
66
61
75
79
82
70
68
67
7
65
69
22
62
72
5
74
95
101
88
53
78
99
77
106
107
80
85
96
71
94
97
87
83
81
84
110
89
90
92
93
76
113
86
115
114
118
73
117
105
121
100
124
108
123
103
98
104
102
109
120
129
130
131
112
125
132
119
135
134
111
137
138
139
142
126
140
91
122
133
136
144
146
141
147
127
150
148
128
153
116
154
152
143
145
149
151
174
156
169
155
177
162
168
157
159
158
160
161
167
163
171
170
165
166
173
164
172
176
182
180
181
179
175
184
178
198
183
200
197
185
186
206
207
191
189
188
190
196
194
193
195
192
210
213
217
199
226
228
229
227
211
187
212
201
202
232
203
204
235
219
208
209
215
216
218
238
214
244
246
250
234
236
220
205
237
240
222
241
223
221
224
231
230
233
253
252
225
255
257
256
239
264
248
243
245
251
247
249
242
268
275
254
258
276
277
285
284
274
263
261
260
262
290
291
265
292
267
278
259
283
266
293
294
269
271
272
295
296
297
299
273
279
281
298
302
305
306
307
304
308
280
288
309
286
282
287
310
270
311
289
303
317
312
313
325
300
331
332
334
335
336
338
333
337
339
329
342
301
341
343
345
315
316
319
322
314
320
349
351
318
344
347
346
340
326
327
330
321
348
352
361
350
323
324
328
354
353
355
356
357
358
359
366
370
369
368
371
373
389
390
367
362
360
363
372
364
392
395
377
375
388
393
374
365
376
399
402
378
379
403
380
394
386
405
407
408
382
383
381
384
385
391
387
414
413
410
411
415
412
409
396
401
397
398
404
400
406
429
430
431
418
417
416
447
442
445
446
449
428
448
440
450
451
432
426
425
419
423
420
421
427
422
424
462
461
459
441
433
434
436
437
438
435
439
465
456
444
453
443
454
455
457
469
452
458
466
460
464
470
463
490
472
468
467
481
492
489
491
471
474
475
476
480
479
473
478
477
494
484
483
513
485
493
486
487
488
503
495
498
501
499
496
500
502
497
511
504
506
520
482
509
507
519
505
508
518
510
512
517
527
514
515
516
521
539
522
523
526
530
529
531
524
525
533
534
535
536
541
557
532
528
538
537
540
542
543
544
569
571
566
545
546
547
550
553
551
548
552
572
565
554
555
563
559
558
556
561
574
568
549
567
564
583
573
562
560
570
582
580
587
575
596
597
576
578
579
581
585
577
589
588
586
584
600
603
591
592
593
590
594
595
599
605
623
625
622
601
604
616
607
621
606
598
612
609
614
608
615
613
611
627
628
630
619
617
633
624
602
636
610
642
646
618
620
626
629
632
631
647
645
648
644
649
653
668
637
638
634
673
639
635
640
641
652
676
664
643
654
651
658
678
655
656
657
665
660
661
663
659
662
669
677
684
683
685
686
680
650
679
666
667
670
688
690
687
691
689
692
672
674
675
694
696
698
671
681
693
697
710
711
704
713
712
719
722
721
725
726
682
716
718
695
701
699
700
703
702
724
732
705
708
709
707
706
714
717
715
723
720
742
740
730
727
728
729
736
733
734
731
744
749
747
735
748
741
738
737
757
758
739
743
745
750
762
769
771
746
772
756
773
751
775
752
763
774
776
759
777
778
753
754
755
779
781
784
782
783
761
780
785
789
788
786
791
787
790
792
793
760
764
795
765
766
768
767
798
770
800
801
799
805
806
807
810
814
815
816
813
818
819
812
822
823
821
802
824
796
825
827
826
794
828
811
803
840
804
842
829
832
797
830
836
835
809
808
820
817
843
831
833
834
837
838
839
844
851
850
853
852
857
856
841
849
847
845
846
860
855
859
858
861
869
865
863
862
867
854
872
866
848
871
864
868
874
870
873
895
880
875
877
878
876
884
879
883
881
882
885
886
887
889
888
899
905
890
892
891
894
893
900
901
896
897
898
902
904
903
909
906
910
927
929
928
922
920
935
937
936
907
908
925
913
914
911
912
915
941
918
916
917
921
919
934
942
923
924
947
948
955
956
932
933
926
930
931
939
940
938
962
949
944
943
946
959
961
960
950
951
953
952
954
965
957
958
966
963
964
945
967
968
972
971
973
969
974
970
980
985
986
979
978
982
977
984
981
983
987
989
976
975
990
988
991
993
992
995
996
994
997
998
999
